3
1
2
2
3
3
3
4
6
4
4
4
5
4
5
5
6
25
9
8
6
13
9
18
36
49
26
27
29
17
14
8
9
9
18
41
39
47
49
51
30
49
37
42
37
41
36
54
58
58
58
58
29
46
29
43
54
52
43
38
33
22
62
62
62
62
46
34
62
62
62
47
42
62
62
62
56
62
42
39
56
62
62
62
47
49
62
47
49
62
59
62
62
62
62
62
59
59
62
62
62
59
62
62
51
59
59
59
62
62
62
62
62
59
59
62
62
59
59
59
62
62
56
62
62
62
62
62
62
62
62
62
62
54
62
62
62
62
59
59
62
59
62
54
54
62
62
62
62
62
62
59
59
62
62
62
62
62
59
62
62
38
42
42
59
62
62
59
62
62
62
62
62
62
62
62
62
62
62
62
62
59
62
62
62
54
42
62
62
62
59
59
59
59
62
49
54
62
62
62
62
62
62
62
62
62
62
62
62
62
62
59
62
59
62
62
59
59
62
62
62
62
62
56
62
62
62
62
59
54
54
62
62
62
62
59
59
62
62
62
62
62
59
62
62
59
62
62
62
56
62
62
62
62
62
62
62
62
59
62
62
62
62
62
62
62
62
62
62
62
62
59
62
59
59
62
56
62
62
62
62
62
62
62
62
62
56
56
56
59
62
59
59
62
59
62
54
49
62
62
62
62
62
62
54
62
62
62
62
54
42
62
56
62
62
62
62
62
62
62
59
62
62
62
62
62
62
62
62
54
38
62
62
59
59
62
62
62
62
62
59
59
62
62
62
62
49
38
54
62
62
62
59
59
62
62
62
62
62
62
62
62
62
62
62
62
62
62
62
62
62
62
59
62
62
62
62
62
62
62
62
62
62
62
62
62
62
62
59
62
62
62
62
62
62
62
62
49
62
62
62
62
62
49
62
62
59
59
56
62
62
59
62
62
62
62
62
62
62
62
62
62
56
49
62
62
62
62
62
62
62
62
59
62
62
51
62
62
62
62
62
62
62
62
62
62
62
62
62
62
62
62
62
62
62
59
62
62
62
62
62
62
62
44
62
62
62
62
62
62
44
62
56
62
62
49
62
62
56
62
62
62
62
62
62
62
62
62
62
62
62
62
62
62
62
62
62
47
62
62
62
62
62
62
62
54
62
56
62
62
62
62
62
56
62
62
56
62
62
62
62
62
62
62
62
62
62
62
62
62
62
62
62
62
62
62
62
62
56
56
62
62
56
54
54
62
62
62
62
62
62
62
62
62
62
62
62
62
62
62
62
62
62
62
62
62
62
62
62
62
62
62
62
62
62
62
62
62
62
62
62
62
62
62
62
54
62
62
62
62
62
62
62
62
52
62
62
62
62
62
62
62
62
62
62
58
54
58
58
58
54
58
58
58
58
58
58
54
58
58
58
58
58
58
54
54
58
41
54
52
58
58
58
58
58
54
54
41
47
58
44
36
36
40
58
54
54
58
39
42
58
54
42
47
58
58
50
58
58
54
58
54
58
58
46
58
58
54
58
58
54
58
58
52
43
54
48
40
58
58
58
58
45
41
51
50
49
30
49
50
58
51
47
54
51
51
48
41
34
50
53
58
37
46
40
40
51
50
52
51
40
58
52
49
50
37
17
47
29
37
40
46
38
19
41
58
46
52
49
39
39
54
50
50
37
50
52
49
36
51
42
46
50
58
42
32
52
40
58
49
39
34
39
41
17
42
50
50
52
42
32
50
50
50
50
44
33
41
50
49
19
53
42
38
38
53
45
32
39
41
50
53
50
36
39
41
50
40
50
38
49
35
52
53
34
30
45
54
37
29
31
37
45
39
37
39
49
37
26
37
25
35
45
39
32
49
13
28
26
42
31
21
37
28
33
47
29
40
32
39
33
53
31
35
37
40
33
31
40
32
39
37
37
54
47
37
54
41
23
37
39
33
51
24
24
31
29
52
23
52
42
42
29
52
52
35
36
34
33
32
25
27
40
31
40
29
42
20
36
29
30
49
27
31
24
32
29
31
26
30
47
31
29
33
36
31
30
25
16
27
24
31
18
22
17
31
33
23
27
30
18
33
51
31
33
19
31
18
23
34
25
31
32
25
33
28
34
17
38
27
34
18
6
31
48
26
15
14
24
46
24
28
30
24
26
18
46
46
48
31
25
29
31
10
20
31
11
14
32
8
5
5
11
25
15
30
25
26
19
30
14
10
5
5
25
6
6
10
24
9
11
7
9
5
6
23
5
9
5
8
19
8
11
6
7
6
5
5
8
8
9
9
6
8
6
24
5
5
9
5
9
8
9
16
15
6
19
6
13
5
10
9
5
10
8
16
7
5
6
11
5
10
9
9
12
6
6
7
12
18
6
5
7
6
6
6
6
9
6
9
5
6
12
10
9
4
4
5